The file is obtained by taking the median of 10 runs of mml-ES with GP (dim(data)=10)
 
(mu/mu,lambda) 	0.20 	 	0.60 	 	1.00 	 	1.40 	 	1.80 	 	2.20 	 	2.60 	 	3.00 	 	3.40 	 	3.80 	 	4.20 	 	4.60 	 	5.00 	 	5.40 	 	5.80 	 	6.20 	 	6.60 	 	7.00 	 	7.40 	 	7.80 	 	8.20 	 	8.60 	 	9.00 	 	9.40 	 	9.80 	 	10.20 	 	10.60 	 	11.00 	 	11.40 	 	11.80 	 	12.20 	 	
---------------------------------------------------------------------------------------------------------------
The file is obtained by taking the median of 10 runs of mml-ES with GP (dim(data)=10)
 
(mu/mu,lambda) 	0.20 	 	0.60 	 	1.00 	 	1.40 	 	1.80 	 	2.20 	 	2.60 	 	3.00 	 	3.40 	 	3.80 	 	4.20 	 	4.60 	 	5.00 	 	5.40 	 	5.80 	 	6.20 	 	6.60 	 	7.00 	 	7.40 	 	7.80 	 	8.20 	 	8.60 	 	9.00 	 	9.40 	 	9.80 	 	10.20 	 	10.60 	 	11.00 	 	11.40 	 	11.80 	 	12.20 	 	
---------------------------------------------------------------------------------------------------------------
(1/1,5)  	0.0999  	 0.2147  	 0.2093  	 0.1521  	 0.0000  	 0.0000  	 0.0000  	 0.0000  	 0.0000  	 0.0000  	 0.0000  	 0.0000  	 0.0000  	 0.0000  	 0.0000  	 0.0000  	 0.0000  	 0.0000  	 0.0000  	 0.0000  	 0.0000  	 0.0000  	 0.0000  	 0.0000  	 0.0000  	 0.0000  	 0.0000  	 0.0000  	 0.0000  	 0.0000  	 0.0000  	 
(2/2,10)  	0.1254  	 0.2913  	 0.3252  	 0.2623  	 0.2052  	 0.1510  	 0.0937  	 0.0000  	 0.0000  	 0.0000  	 0.0000  	 0.0000  	 0.0000  	 0.0000  	 0.0000  	 0.0000  	 0.0000  	 0.0000  	 0.0000  	 0.0000  	 0.0000  	 0.0000  	 0.0000  	 0.0000  	 0.0000  	 0.0000  	 0.0000  	 0.0000  	 0.0000  	 0.0000  	 0.0000  	 
(7/7,30)  	0.1468  	 0.3411  	 0.3795  	 0.3315  	 0.2836  	 0.2410  	 0.1894  	 0.1574  	 0.0590  	 0.0402  	 0.0000  	 0.0000  	 0.0000  	 0.0000  	 0.0000  	 0.0000  	 0.0000  	 0.0000  	 0.0000  	 0.0000  	 0.0000  	 0.0000  	 0.0000  	 0.0000  	 0.0000  	 0.0000  	 0.0000  	 0.0000  	 0.0000  	 0.0000  	 0.0000  	 
(12/12,50)  	0.1558  	 0.3582  	 0.4037  	 0.3509  	 0.3014  	 0.2544  	 0.2124  	 0.1697  	 0.1313  	 0.0000  	 0.0000  	 0.0000  	 0.0000  	 0.0000  	 0.0000  	 0.0000  	 0.0000  	 0.0000  	 0.0000  	 0.0000  	 0.0000  	 0.0000  	 0.0000  	 0.0000  	 0.0000  	 0.0000  	 0.0000  	 0.0000  	 0.0000  	 0.0000  	 0.0000  	 
