The file is obtained by taking the median of 10 runs of mml-ES with GP (dim(data)=10)
 
(mu/mu,lambda) 	0.20 	 	0.60 	 	1.00 	 	1.40 	 	1.80 	 	2.20 	 	2.60 	 	3.00 	 	3.40 	 	3.80 	 	4.20 	 	4.60 	 	5.00 	 	5.40 	 	5.80 	 	6.20 	 	6.60 	 	7.00 	 	7.40 	 	7.80 	 	8.20 	 	8.60 	 	9.00 	 	9.40 	 	9.80 	 	10.20 	 	10.60 	 	11.00 	 	11.40 	 	11.80 	 	12.20 	 	
---------------------------------------------------------------------------------------------------------------
(1/1,5)  	NaN  	 NaN  	 NaN  	 NaN  	 NaN  	 NaN  	 NaN  	 NaN  	 NaN  	 NaN  	 NaN  	 0.0000  	 0.0000  	 0.0000  	 0.0000  	 0.0000  	 0.0000  	 0.0000  	 0.0000  	 0.0000  	 0.0000  	 0.0000  	 0.0000  	 0.0000  	 0.0000  	 0.0000  	 0.0000  	 0.0000  	 0.0000  	 0.0000  	 0.0000  	 NaN  	 NaN  	 NaN  	 NaN  	 NaN  	 NaN  	 NaN  	 NaN  	 NaN  	 NaN  	 NaN  	 0.0000  	 0.0000  	 0.0000  	 0.0000  	 0.0000  	 0.0000  	 0.0000  	 0.0000  	 0.0000  	 0.0000  	 0.0000  	 0.0000  	 0.0000  	 0.0000  	 0.0000  	 0.0000  	 0.0000  	 0.0000  	 0.0000  	 0.0000  	 
(2/2,10)  	0.0000  	 0.0000  	 0.0000  	 0.0000  	 0.0000  	 0.0000  	 0.0000  	 0.0000  	 0.0000  	 0.0000  	 0.0000  	 0.0000  	 0.0000  	 0.0000  	 0.0000  	 0.0000  	 0.0000  	 0.0000  	 0.0000  	 0.0000  	 0.0000  	 0.0000  	 0.0000  	 0.0000  	 0.0000  	 0.0000  	 0.0000  	 0.0000  	 0.0000  	 0.0000  	 0.0000  	 0.0000  	 0.0000  	 0.0000  	 0.0000  	 0.0000  	 0.0000  	 0.0000  	 0.0000  	 0.0000  	 0.0000  	 0.0000  	 0.0000  	 0.0000  	 0.0000  	 0.0000  	 0.0000  	 0.0000  	 0.0000  	 0.0000  	 0.0000  	 0.0000  	 0.0000  	 0.0000  	 0.0000  	 0.0000  	 0.0000  	 0.0000  	 0.0000  	 0.0000  	 0.0000  	 0.0000  	 
(7/7,30)  	0.0000  	 0.0000  	 0.1889  	 0.0903  	 0.0771  	 0.0000  	 0.0000  	 0.0000  	 0.0000  	 0.0000  	 0.0000  	 0.0000  	 0.0000  	 0.0000  	 0.0000  	 0.0000  	 0.0000  	 0.0000  	 0.0000  	 0.0000  	 0.0000  	 0.0000  	 0.0000  	 0.0000  	 0.0000  	 0.0000  	 0.0000  	 0.0000  	 0.0000  	 0.0000  	 0.0000  	 0.0000  	 0.0000  	 0.1889  	 0.0903  	 0.0771  	 0.0000  	 0.0000  	 0.0000  	 0.0000  	 0.0000  	 0.0000  	 0.0000  	 0.0000  	 0.0000  	 0.0000  	 0.0000  	 0.0000  	 0.0000  	 0.0000  	 0.0000  	 0.0000  	 0.0000  	 0.0000  	 0.0000  	 0.0000  	 0.0000  	 0.0000  	 0.0000  	 0.0000  	 0.0000  	 0.0000  	 
(12/12,50)  	0.0000  	 0.0000  	 0.2098  	 0.0000  	 0.0000  	 0.0000  	 0.0000  	 0.0000  	 0.0000  	 0.0000  	 0.0000  	 0.0000  	 0.0000  	 0.0000  	 0.0000  	 0.0000  	 0.0000  	 0.0000  	 0.0000  	 0.0000  	 0.0000  	 0.0000  	 0.0000  	 0.0000  	 0.0000  	 0.0000  	 0.0000  	 0.0000  	 0.0000  	 0.0000  	 0.0000  	 0.0000  	 0.0000  	 0.2098  	 0.0000  	 0.0000  	 0.0000  	 0.0000  	 0.0000  	 0.0000  	 0.0000  	 0.0000  	 0.0000  	 0.0000  	 0.0000  	 0.0000  	 0.0000  	 0.0000  	 0.0000  	 0.0000  	 0.0000  	 0.0000  	 0.0000  	 0.0000  	 0.0000  	 0.0000  	 0.0000  	 0.0000  	 0.0000  	 0.0000  	 0.0000  	 0.0000  	 
The file is obtained by taking the median of 10 runs of mml-ES with GP (dim(data)=10)
 
(mu/mu,lambda) 	0.20 	 	0.60 	 	1.00 	 	1.40 	 	1.80 	 	2.20 	 	2.60 	 	3.00 	 	3.40 	 	3.80 	 	4.20 	 	4.60 	 	5.00 	 	5.40 	 	5.80 	 	6.20 	 	6.60 	 	7.00 	 	7.40 	 	7.80 	 	8.20 	 	8.60 	 	9.00 	 	9.40 	 	9.80 	 	10.20 	 	10.60 	 	11.00 	 	11.40 	 	11.80 	 	12.20 	 	
---------------------------------------------------------------------------------------------------------------
(1/1,5)  	NaN  	 NaN  	 NaN  	 NaN  	 NaN  	 NaN  	 NaN  	 NaN  	 NaN  	 NaN  	 NaN  	 NaN  	 0.0000  	 NaN  	 0.0000  	 0.0000  	 0.0000  	 0.0000  	 0.0000  	 0.0000  	 0.0000  	 0.0000  	 0.0000  	 0.0000  	 0.0000  	 0.0000  	 0.0000  	 0.0000  	 0.0000  	 0.0000  	 0.0000  	 NaN  	 NaN  	 NaN  	 NaN  	 NaN  	 NaN  	 NaN  	 NaN  	 NaN  	 NaN  	 NaN  	 NaN  	 0.0000  	 NaN  	 0.0000  	 0.0000  	 0.0000  	 0.0000  	 0.0000  	 0.0000  	 0.0000  	 0.0000  	 0.0000  	 0.0000  	 0.0000  	 0.0000  	 0.0000  	 0.0000  	 0.0000  	 0.0000  	 0.0000  	 
(2/2,10)  	0.0000  	 0.0000  	 0.0000  	 0.0000  	 0.0000  	 0.0000  	 0.0000  	 0.0000  	 0.0000  	 0.0000  	 0.0000  	 0.0000  	 0.0000  	 0.0000  	 0.0000  	 0.0000  	 0.0000  	 0.0000  	 0.0000  	 0.0000  	 0.0000  	 0.0000  	 0.0000  	 0.0000  	 0.0000  	 0.0000  	 0.0000  	 0.0000  	 0.0000  	 0.0000  	 0.0000  	 0.0000  	 0.0000  	 0.0000  	 0.0000  	 0.0000  	 0.0000  	 0.0000  	 0.0000  	 0.0000  	 0.0000  	 0.0000  	 0.0000  	 0.0000  	 0.0000  	 0.0000  	 0.0000  	 0.0000  	 0.0000  	 0.0000  	 0.0000  	 0.0000  	 0.0000  	 0.0000  	 0.0000  	 0.0000  	 0.0000  	 0.0000  	 0.0000  	 0.0000  	 0.0000  	 0.0000  	 
(7/7,30)  	0.0000  	 0.0000  	 0.1846  	 0.1843  	 0.0000  	 0.0000  	 0.0000  	 0.0000  	 0.0000  	 0.0000  	 0.0000  	 0.0000  	 0.0000  	 0.0000  	 0.0000  	 0.0000  	 0.0000  	 0.0000  	 0.0000  	 0.0000  	 0.0000  	 0.0000  	 0.0000  	 0.0000  	 0.0000  	 0.0000  	 0.0000  	 0.0000  	 0.0000  	 0.0000  	 0.0000  	 0.0000  	 0.0000  	 0.1846  	 0.1843  	 0.0000  	 0.0000  	 0.0000  	 0.0000  	 0.0000  	 0.0000  	 0.0000  	 0.0000  	 0.0000  	 0.0000  	 0.0000  	 0.0000  	 0.0000  	 0.0000  	 0.0000  	 0.0000  	 0.0000  	 0.0000  	 0.0000  	 0.0000  	 0.0000  	 0.0000  	 0.0000  	 0.0000  	 0.0000  	 0.0000  	 0.0000  	 
(12/12,50)  	0.0000  	 0.0000  	 0.2097  	 0.2155  	 0.0000  	 0.0000  	 0.0000  	 0.0000  	 0.0000  	 0.0000  	 0.0000  	 0.0000  	 0.0000  	 0.0000  	 0.0000  	 0.0000  	 0.0000  	 0.0000  	 0.0000  	 0.0000  	 0.0000  	 0.0000  	 0.0000  	 0.0000  	 0.0000  	 0.0000  	 0.0000  	 0.0000  	 0.0000  	 0.0000  	 0.0000  	 0.0000  	 0.0000  	 0.2097  	 0.2155  	 0.0000  	 0.0000  	 0.0000  	 0.0000  	 0.0000  	 0.0000  	 0.0000  	 0.0000  	 0.0000  	 0.0000  	 0.0000  	 0.0000  	 0.0000  	 0.0000  	 0.0000  	 0.0000  	 0.0000  	 0.0000  	 0.0000  	 0.0000  	 0.0000  	 0.0000  	 0.0000  	 0.0000  	 0.0000  	 0.0000  	 0.0000  	 
