The file is obtained by taking the median of 10 runs of mml-ES with GP (dim(data)=10)
 
(mu/mu,lambda) 	0.20 	 	0.60 	 	1.00 	 	1.40 	 	1.80 	 	2.20 	 	2.60 	 	3.00 	 	3.40 	 	3.80 	 	4.20 	 	4.60 	 	5.00 	 	5.40 	 	5.80 	 	6.20 	 	6.60 	 	7.00 	 	7.40 	 	7.80 	 	8.20 	 	8.60 	 	9.00 	 	9.40 	 	9.80 	 	10.20 	 	10.60 	 	11.00 	 	11.40 	 	11.80 	 	12.20 	 	
---------------------------------------------------------------------------------------------------------------
The file is obtained by taking the median of 10 runs of mml-ES with GP (dim(data)=10)
 
(mu/mu,lambda) 	0.20 	 	0.60 	 	1.00 	 	1.40 	 	1.80 	 	2.20 	 	2.60 	 	3.00 	 	3.40 	 	3.80 	 	4.20 	 	4.60 	 	5.00 	 	5.40 	 	5.80 	 	6.20 	 	6.60 	 	7.00 	 	7.40 	 	7.80 	 	8.20 	 	8.60 	 	9.00 	 	9.40 	 	9.80 	 	10.20 	 	10.60 	 	11.00 	 	11.40 	 	11.80 	 	12.20 	 	
---------------------------------------------------------------------------------------------------------------
The file is obtained by taking the median of 10 runs of mml-ES with GP (dim(data)=10)
 
(mu/mu,lambda) 	0.20 	 	0.60 	 	1.00 	 	1.40 	 	1.80 	 	2.20 	 	2.60 	 	3.00 	 	3.40 	 	3.80 	 	4.20 	 	4.60 	 	5.00 	 	5.40 	 	5.80 	 	6.20 	 	6.60 	 	7.00 	 	7.40 	 	7.80 	 	8.20 	 	8.60 	 	9.00 	 	9.40 	 	9.80 	 	10.20 	 	10.60 	 	11.00 	 	11.40 	 	11.80 	 	12.20 	 	
---------------------------------------------------------------------------------------------------------------
The file is obtained by taking the median of 10 runs of mml-ES with GP (dim(data)=10)
 
(mu/mu,lambda) 	0.20 	 	0.60 	 	1.00 	 	1.40 	 	1.80 	 	2.20 	 	2.60 	 	3.00 	 	3.40 	 	3.80 	 	4.20 	 	4.60 	 	5.00 	 	5.40 	 	5.80 	 	6.20 	 	6.60 	 	7.00 	 	7.40 	 	7.80 	 	8.20 	 	8.60 	 	9.00 	 	9.40 	 	9.80 	 	10.20 	 	10.60 	 	11.00 	 	11.40 	 	11.80 	 	12.20 	 	
---------------------------------------------------------------------------------------------------------------
The file is obtained by taking the median of 10 runs of mml-ES with GP (dim(data)=10)
 
(mu/mu,lambda) 	0.20 	 	0.60 	 	1.00 	 	1.40 	 	1.80 	 	2.20 	 	2.60 	 	3.00 	 	3.40 	 	3.80 	 	4.20 	 	4.60 	 	5.00 	 	5.40 	 	5.80 	 	6.20 	 	6.60 	 	7.00 	 	7.40 	 	7.80 	 	8.20 	 	8.60 	 	9.00 	 	9.40 	 	9.80 	 	10.20 	 	10.60 	 	11.00 	 	11.40 	 	11.80 	 	12.20 	 	
---------------------------------------------------------------------------------------------------------------
The file is obtained by taking the median of 10 runs of mml-ES with GP (dim(data)=10)
 
(mu/mu,lambda) 	0.50 	 	1.00 	 	1.50 	 	2.00 	 	2.50 	 	3.00 	 	3.50 	 	4.00 	 	4.50 	 	5.00 	 	5.50 	 	6.00 	 	6.50 	 	7.00 	 	7.50 	 	8.00 	 	8.50 	 	9.00 	 	9.50 	 	10.00 	 	
---------------------------------------------------------------------------------------------------------------
(3/3,10)  	0.2586  	 0.3581  	 0.3134  	 0.2489  	 0.1879  	 0.1248  	 -1.0000  	 -1.0000  	 -1.0000  	 -1.0000  	 -1.0000  	 -1.0000  	 -1.0000  	 -1.0000  	 -1.0000  	 -1.0000  	 -1.0000  	 -1.0000  	 -1.0000  	 -1.0000  	 0.2586  	 0.3581  	 0.3134  	 0.2489  	 0.1879  	 0.1248  	 -1.0000  	 -1.0000  	 -1.0000  	 -1.0000  	 -1.0000  	 -1.0000  	 -1.0000  	 -1.0000  	 -1.0000  	 -1.0000  	 -1.0000  	 -1.0000  	 -1.0000  	 -1.0000  	 
(5/5,20)  	0.2683  	 0.4242  	 0.4431  	 0.3936  	 0.3493  	 0.2986  	 0.2432  	 0.2098  	 0.1804  	 0.1452  	 0.1200  	 -1.0000  	 -1.0000  	 -1.0000  	 -1.0000  	 -1.0000  	 -1.0000  	 -1.0000  	 -1.0000  	 -1.0000  	 0.2683  	 0.4242  	 0.4431  	 0.3936  	 0.3493  	 0.2986  	 0.2432  	 0.2098  	 0.1804  	 0.1452  	 0.1200  	 -1.0000  	 -1.0000  	 -1.0000  	 -1.0000  	 -1.0000  	 -1.0000  	 -1.0000  	 -1.0000  	 -1.0000  	 
(10/10,40)  	0.2859  	 0.4769  	 0.5217  	 0.4609  	 0.4283  	 0.3644  	 0.3463  	 0.2950  	 0.2648  	 0.2325  	 0.2134  	 0.1891  	 0.1681  	 0.1521  	 0.1349  	 0.1064  	 -1.0000  	 -1.0000  	 -1.0000  	 -1.0000  	 0.2859  	 0.4769  	 0.5217  	 0.4609  	 0.4283  	 0.3644  	 0.3463  	 0.2950  	 0.2648  	 0.2325  	 0.2134  	 0.1891  	 0.1681  	 0.1521  	 0.1349  	 0.1064  	 -1.0000  	 -1.0000  	 -1.0000  	 -1.0000  	 
The file is obtained by taking the median of 10 runs of mml-ES with GP (dim(data)=10)
 
(mu/mu,lambda) 	0.50 	 	1.00 	 	1.50 	 	2.00 	 	2.50 	 	3.00 	 	3.50 	 	4.00 	 	4.50 	 	5.00 	 	5.50 	 	6.00 	 	6.50 	 	7.00 	 	7.50 	 	8.00 	 	8.50 	 	9.00 	 	9.50 	 	10.00 	 	
---------------------------------------------------------------------------------------------------------------
(3/3,10)  	0.2547  	 0.3593  	 0.3127  	 0.2482  	 0.1876  	 0.1302  	 -1.0000  	 -1.0000  	 -1.0000  	 -1.0000  	 -1.0000  	 -1.0000  	 -1.0000  	 -1.0000  	 -1.0000  	 -1.0000  	 -1.0000  	 -1.0000  	 -1.0000  	 -1.0000  	 0.2547  	 0.3593  	 0.3127  	 0.2482  	 0.1876  	 0.1302  	 -1.0000  	 -1.0000  	 -1.0000  	 -1.0000  	 -1.0000  	 -1.0000  	 -1.0000  	 -1.0000  	 -1.0000  	 -1.0000  	 -1.0000  	 -1.0000  	 -1.0000  	 -1.0000  	 
(5/5,20)  	0.2696  	 0.4337  	 0.4469  	 0.3881  	 0.3516  	 0.2978  	 0.2495  	 0.2051  	 0.1814  	 0.1450  	 0.1101  	 -1.0000  	 -1.0000  	 -1.0000  	 -1.0000  	 -1.0000  	 -1.0000  	 -1.0000  	 -1.0000  	 -1.0000  	 0.2696  	 0.4337  	 0.4469  	 0.3881  	 0.3516  	 0.2978  	 0.2495  	 0.2051  	 0.1814  	 0.1450  	 0.1101  	 -1.0000  	 -1.0000  	 -1.0000  	 -1.0000  	 -1.0000  	 -1.0000  	 -1.0000  	 -1.0000  	 -1.0000  	 
(10/10,40)  	0.2879  	 0.4583  	 0.5171  	 0.4628  	 0.4086  	 0.3764  	 0.3323  	 0.3012  	 0.2653  	 0.2373  	 0.2021  	 0.1882  	 0.1737  	 0.1499  	 -0.4314  	 0.1141  	 -1.0000  	 -1.0000  	 -1.0000  	 -1.0000  	 0.2879  	 0.4583  	 0.5171  	 0.4628  	 0.4086  	 0.3764  	 0.3323  	 0.3012  	 0.2653  	 0.2373  	 0.2021  	 0.1882  	 0.1737  	 0.1499  	 -0.4314  	 0.1141  	 -1.0000  	 -1.0000  	 -1.0000  	 -1.0000  	 
