The file is obtained by taking the median of 2 runs of mml-ES with GP (dim(data)=10)
 
(mu/mu,lambda)     F 	0.20 	 	0.60 	 	1.00 	 	1.40 	 	1.80 	 	2.20 	 	2.60 	 	3.00 	 	3.40 	 	3.80 	 	4.20 	 	4.60 	 	5.00 	 	5.40 	 	5.80 	 	6.20 	 	6.60 	 	7.00 	 	7.40 	 	7.80 	 	8.20 	 	8.60 	 	9.00 	 	9.40 	 	9.80 	 	
------------------------------------------------------------------------
(2/2,10)  	  3 	0.1717  	 0.6268  	 0.3807  	 0.0000  	 0.7622  	 0.6310  	 0.4855  	 0.2034  	 0.0478  	 0.0000  	 0.0000  	 0.0000  	 0.0000  	 0.0000  	 0.0000  	 0.0000  	 0.0000  	 0.0000  	 0.0000  	 0.0000  	 0.0000  	 0.0000  	 0.0000  	 0.0000  	 0.0000  	 
(7/7,30)  	  3 	0.3451  	 0.7421  	 0.8933  	 0.6067  	 0.5598  	 0.5112  	 0.4716  	 0.3982  	 0.3194  	 0.3054  	 0.2951  	 0.2571  	 0.0000  	 0.0000  	 0.0000  	 0.0000  	 0.0000  	 0.0000  	 0.0000  	 0.0000  	 0.0000  	 0.0000  	 0.0000  	 0.0000  	 0.0000  	 
(12/12,50)  	  3 	0.3489  	 0.7093  	 0.8523  	 0.9260  	 0.6718  	 0.5537  	 0.4972  	 0.4027  	 0.3160  	 0.1431  	 0.0000  	 0.0000  	 0.0000  	 0.0000  	 0.0000  	 0.0000  	 0.0000  	 0.0000  	 0.0000  	 0.0000  	 0.0000  	 0.0000  	 0.0000  	 0.0000  	 0.0000  	 
The file is obtained by taking the median of 2 runs of mml-ES with GP (dim(data)=10)
 
(mu/mu,lambda)     F 	0.20 	 	0.60 	 	1.00 	 	1.40 	 	1.80 	 	2.20 	 	2.60 	 	3.00 	 	3.40 	 	3.80 	 	4.20 	 	4.60 	 	5.00 	 	5.40 	 	5.80 	 	6.20 	 	6.60 	 	7.00 	 	7.40 	 	7.80 	 	8.20 	 	8.60 	 	9.00 	 	9.40 	 	9.80 	 	
------------------------------------------------------------------------
(2/2,10)  	  4 	0.3403  	 0.0000  	 0.3379  	 0.3335  	 0.3306  	 0.2903  	 0.2409  	 0.4067  	 0.0000  	 0.0000  	 0.0000  	 0.0000  	 0.0000  	 0.0000  	 0.0000  	 0.0000  	 0.0000  	 0.0000  	 0.0000  	 0.0000  	 0.0000  	 0.0000  	 0.0000  	 0.0000  	 0.0000  	 
(7/7,30)  	  4 	0.3460  	 0.7650  	 0.8628  	 0.7727  	 0.6150  	 0.5919  	 0.4331  	 0.3099  	 0.3195  	 0.0000  	 0.0000  	 0.0000  	 0.0000  	 0.0000  	 0.0000  	 0.0000  	 0.0000  	 0.0000  	 0.0000  	 0.0000  	 0.0000  	 0.0000  	 0.0000  	 0.0000  	 0.0000  	 
(12/12,50)  	  4 	0.3491  	 0.7370  	 0.8530  	 0.7683  	 0.6772  	 0.6605  	 0.5309  	 0.4138  	 0.1486  	 0.0000  	 0.0000  	 0.0000  	 0.0000  	 0.0000  	 0.0000  	 0.0000  	 0.0000  	 0.0000  	 0.0000  	 0.0000  	 0.0000  	 0.0000  	 0.0000  	 0.0000  	 0.0000  	 
