The file is obtained by taking the median of 2 runs of mml-ES with GP (dim(data)=10)
 
(mu/mu,lambda)     F 	0.20 	 	0.60 	 	1.00 	 	1.40 	 	1.80 	 	2.20 	 	2.60 	 	3.00 	 	3.40 	 	3.80 	 	4.20 	 	4.60 	 	5.00 	 	5.40 	 	5.80 	 	6.20 	 	6.60 	 	7.00 	 	7.40 	 	7.80 	 	8.20 	 	8.60 	 	9.00 	 	9.40 	 	9.80 	 	10.20 	 	10.60 	 	11.00 	 	11.40 	 	11.80 	 	12.20 	 	
------------------------------------------------------------------------
The file is obtained by taking the median of 2 runs of mml-ES with GP (dim(data)=10)
 
(mu/mu,lambda)     F 	0.20 	 	0.60 	 	1.00 	 	1.40 	 	1.80 	 	2.20 	 	2.60 	 	3.00 	 	3.40 	 	3.80 	 	4.20 	 	4.60 	 	5.00 	 	5.40 	 	5.80 	 	6.20 	 	6.60 	 	7.00 	 	7.40 	 	7.80 	 	8.20 	 	8.60 	 	9.00 	 	9.40 	 	9.80 	 	
------------------------------------------------------------------------
(2/2,10)  	  3 	0.1173  	 0.2968  	 0.3598  	 0.3251  	 0.2731  	 0.2198  	 0.1632  	 0.1059  	 0.0306  	 0.0000  	 0.0000  	 0.0000  	 0.0000  	 0.0000  	 0.0000  	 0.0000  	 0.0000  	 0.0000  	 0.0000  	 0.0000  	 0.0000  	 0.0000  	 0.0000  	 0.0000  	 0.0000  	 
(7/7,30)  	  3 	0.1219  	 0.3333  	 0.4443  	 0.4742  	 0.4770  	 0.4236  	 0.3836  	 0.3249  	 0.3086  	 0.2768  	 0.2550  	 0.2165  	 0.1916  	 0.0746  	 0.0000  	 0.0000  	 0.0000  	 0.0000  	 0.0000  	 0.0000  	 0.0000  	 0.0000  	 0.0000  	 0.0000  	 0.0000  	 
(12/12,50)  	  3 	0.1226  	 0.3463  	 0.4905  	 0.5306  	 0.5282  	 0.4792  	 0.4706  	 0.3699  	 0.3568  	 0.3345  	 0.3213  	 0.2836  	 0.2722  	 0.2171  	 0.2009  	 0.1818  	 0.0785  	 0.0708  	 0.0000  	 0.0000  	 0.0000  	 0.0000  	 0.0000  	 0.0000  	 0.0000  	 
The file is obtained by taking the median of 2 runs of mml-ES with GP (dim(data)=10)
 
(mu/mu,lambda)     F 	0.20 	 	0.60 	 	1.00 	 	1.40 	 	1.80 	 	2.20 	 	2.60 	 	3.00 	 	3.40 	 	3.80 	 	4.20 	 	4.60 	 	5.00 	 	5.40 	 	5.80 	 	6.20 	 	6.60 	 	7.00 	 	7.40 	 	7.80 	 	8.20 	 	8.60 	 	9.00 	 	9.40 	 	9.80 	 	
------------------------------------------------------------------------
(2/2,10)  	  4 	0.1176  	 0.2990  	 0.3660  	 0.3371  	 0.2772  	 0.2265  	 0.1742  	 0.0749  	 0.1039  	 0.0000  	 0.0000  	 0.0000  	 0.0000  	 0.0000  	 0.0000  	 0.0000  	 0.0000  	 0.0000  	 0.0000  	 0.0000  	 0.0000  	 0.0000  	 0.0000  	 0.0000  	 0.0000  	 
(7/7,30)  	  4 	0.1212  	 0.3283  	 0.4599  	 0.5490  	 0.4791  	 0.4578  	 0.4084  	 0.3667  	 0.3341  	 0.3279  	 0.2461  	 0.2263  	 0.1888  	 0.1595  	 0.0758  	 0.0000  	 0.0000  	 0.0000  	 0.0000  	 0.0000  	 0.0000  	 0.0000  	 0.0000  	 0.0000  	 0.0000  	 
(12/12,50)  	  4 	0.1227  	 0.3533  	 0.4781  	 0.5152  	 0.5046  	 0.5260  	 0.4438  	 0.4005  	 0.3731  	 0.3362  	 0.3309  	 0.2969  	 0.2495  	 0.2122  	 0.2033  	 0.1886  	 0.0819  	 0.0000  	 0.0000  	 0.0000  	 0.0000  	 0.0000  	 0.0000  	 0.0000  	 0.0000  	 
