The file is obtained by taking the median of 2 runs of mml-ES with GP (dim(data)=10)
 
(mu/mu,lambda)     F 	0.20 	 	0.60 	 	1.00 	 	1.40 	 	1.80 	 	2.20 	 	2.60 	 	3.00 	 	3.40 	 	3.80 	 	4.20 	 	4.60 	 	5.00 	 	5.40 	 	5.80 	 	6.20 	 	6.60 	 	7.00 	 	7.40 	 	7.80 	 	8.20 	 	8.60 	 	9.00 	 	9.40 	 	9.80 	 	
------------------------------------------------------------------------
(2/2,10)  	  3 	0.2335  	 0.5574  	 0.7045  	 0.7280  	 0.6473  	 0.5655  	 0.4460  	 0.2603  	 0.1093  	 0.0000  	 0.0000  	 0.0000  	 0.0000  	 0.0000  	 0.0000  	 0.0000  	 0.0000  	 0.0000  	 0.0000  	 0.0000  	 0.0000  	 0.0000  	 0.0000  	 0.0000  	 0.0000  	 
(7/7,30)  	  3 	0.2424  	 0.6089  	 0.8665  	 0.9427  	 1.0216  	 1.0816  	 1.0544  	 0.9848  	 0.9909  	 0.9192  	 0.8530  	 0.8113  	 0.7911  	 0.7856  	 0.8035  	 0.8127  	 0.7093  	 0.6850  	 0.6052  	 0.6493  	 0.5608  	 0.5607  	 0.4722  	 0.4151  	 0.2830  	 
(12/12,50)  	  3 	0.2411  	 0.6064  	 0.8141  	 0.9772  	 1.0885  	 1.1282  	 1.0716  	 1.1728  	 1.1977  	 1.0855  	 0.9885  	 1.0485  	 0.9844  	 0.9185  	 0.9255  	 0.8920  	 0.9064  	 0.8751  	 0.8870  	 0.7852  	 0.7993  	 0.7195  	 0.8144  	 0.7084  	 0.5943  	 
The file is obtained by taking the median of 2 runs of mml-ES with GP (dim(data)=10)
 
(mu/mu,lambda)     F 	0.20 	 	0.60 	 	1.00 	 	1.40 	 	1.80 	 	2.20 	 	2.60 	 	3.00 	 	3.40 	 	3.80 	 	4.20 	 	4.60 	 	5.00 	 	5.40 	 	5.80 	 	6.20 	 	6.60 	 	7.00 	 	7.40 	 	7.80 	 	8.20 	 	8.60 	 	9.00 	 	9.40 	 	9.80 	 	
------------------------------------------------------------------------
(2/2,10)  	  4 	0.2331  	 0.5520  	 0.7065  	 0.7418  	 0.6600  	 0.6219  	 0.5597  	 0.4961  	 0.3213  	 0.1183  	 0.0000  	 0.0000  	 0.0000  	 0.0000  	 0.0000  	 0.0000  	 0.0000  	 0.0000  	 0.0000  	 0.0000  	 0.0000  	 0.0000  	 0.0000  	 0.0000  	 0.0000  	 
(7/7,30)  	  4 	0.2390  	 0.6075  	 0.8246  	 1.0069  	 1.1087  	 1.0665  	 1.1665  	 1.0706  	 1.0174  	 0.9208  	 1.0034  	 0.8333  	 0.8339  	 0.7815  	 0.7605  	 0.7543  	 0.7158  	 0.6485  	 0.5884  	 0.5719  	 0.6242  	 0.4515  	 0.4232  	 0.4001  	 0.3175  	 
(12/12,50)  	  4 	0.2433  	 0.6490  	 0.8211  	 1.0248  	 1.1223  	 1.1745  	 1.2072  	 1.1420  	 1.1141  	 1.0797  	 1.0854  	 1.0433  	 1.2022  	 0.8673  	 0.8874  	 0.9145  	 0.8884  	 0.8872  	 0.8249  	 0.8720  	 0.7395  	 0.7716  	 0.7024  	 0.6999  	 0.7043  	 
